e0  0.000000    0.350000    0.450000    0.400000    0.400000    0.200000    0.400000    0.400000    0.350000    0.350000    0.200000    0.450000    0.350000    0.450000    0.350000    0.350000    0.300000    0.250000    0.450000    0.350000    
e1  0.350000    0.000000    0.650000    0.200000    0.600000    0.300000    0.600000    0.600000    0.550000    0.250000    0.400000    0.250000    0.250000    0.650000    0.350000    0.350000    0.300000    0.450000    0.250000    0.550000    
e2  0.450000    0.650000    0.000000    0.700000    0.200000    0.500000    0.400000    0.400000    0.250000    0.650000    0.400000    0.750000    0.650000    0.150000    0.650000    0.650000    0.600000    0.350000    0.750000    0.350000    
e3  0.400000    0.200000    0.700000    0.000000    0.650000    0.350000    0.650000    0.650000    0.600000    0.300000    0.450000    0.200000    0.300000    0.700000    0.400000    0.400000    0.350000    0.500000    0.200000    0.600000    
e4  0.400000    0.600000    0.200000    0.650000    0.000000    0.450000    0.350000    0.350000    0.200000    0.600000    0.350000    0.700000    0.600000    0.200000    0.600000    0.600000    0.550000    0.300000    0.700000    0.300000    
e5  0.200000    0.300000    0.500000    0.350000    0.450000    0.000000    0.450000    0.450000    0.400000    0.300000    0.250000    0.400000    0.300000    0.500000    0.300000    0.300000    0.250000    0.300000    0.400000    0.400000    
e6  0.400000    0.600000    0.400000    0.650000    0.350000    0.450000    0.000000    0.150000    0.300000    0.600000    0.350000    0.700000    0.600000    0.400000    0.600000    0.600000    0.550000    0.300000    0.700000    0.200000    
e7  0.400000    0.600000    0.400000    0.650000    0.350000    0.450000    0.150000    0.000000    0.300000    0.600000    0.350000    0.700000    0.600000    0.400000    0.600000    0.600000    0.550000    0.300000    0.700000    0.200000    
e8  0.350000    0.550000    0.250000    0.600000    0.200000    0.400000    0.300000    0.300000    0.000000    0.550000    0.300000    0.650000    0.550000    0.250000    0.550000    0.550000    0.500000    0.250000    0.650000    0.250000    
e9  0.350000    0.250000    0.650000    0.300000    0.600000    0.300000    0.600000    0.600000    0.550000    0.000000    0.400000    0.350000    0.150000    0.650000    0.350000    0.350000    0.300000    0.450000    0.350000    0.550000    
e10  0.200000    0.400000    0.400000    0.450000    0.350000    0.250000    0.350000    0.350000    0.300000    0.400000    0.000000    0.500000    0.400000    0.400000    0.400000    0.400000    0.350000    0.200000    0.500000    0.300000    
e11  0.450000    0.250000    0.750000    0.200000    0.700000    0.400000    0.700000    0.700000    0.650000    0.350000    0.500000    0.000000    0.350000    0.750000    0.450000    0.450000    0.400000    0.550000    0.150000    0.650000    
e12  0.350000    0.250000    0.650000    0.300000    0.600000    0.300000    0.600000    0.600000    0.550000    0.150000    0.400000    0.350000    0.000000    0.650000    0.350000    0.350000    0.300000    0.450000    0.350000    0.550000    
e13  0.450000    0.650000    0.150000    0.700000    0.200000    0.500000    0.400000    0.400000    0.250000    0.650000    0.400000    0.750000    0.650000    0.000000    0.650000    0.650000    0.600000    0.350000    0.750000    0.350000    
e14  0.350000    0.350000    0.650000    0.400000    0.600000    0.300000    0.600000    0.600000    0.550000    0.350000    0.400000    0.450000    0.350000    0.650000    0.000000    0.150000    0.200000    0.450000    0.450000    0.550000    
e15  0.350000    0.350000    0.650000    0.400000    0.600000    0.300000    0.600000    0.600000    0.550000    0.350000    0.400000    0.450000    0.350000    0.650000    0.150000    0.000000    0.200000    0.450000    0.450000    0.550000    
e16  0.300000    0.300000    0.600000    0.350000    0.550000    0.250000    0.550000    0.550000    0.500000    0.300000    0.350000    0.400000    0.300000    0.600000    0.200000    0.200000    0.000000    0.400000    0.400000    0.500000    
e17  0.250000    0.450000    0.350000    0.500000    0.300000    0.300000    0.300000    0.300000    0.250000    0.450000    0.200000    0.550000    0.450000    0.350000    0.450000    0.450000    0.400000    0.000000    0.550000    0.250000    
e18  0.450000    0.250000    0.750000    0.200000    0.700000    0.400000    0.700000    0.700000    0.650000    0.350000    0.500000    0.150000    0.350000    0.750000    0.450000    0.450000    0.400000    0.550000    0.000000    0.650000    
e19  0.350000    0.550000    0.350000    0.600000    0.300000    0.400000    0.200000    0.200000    0.250000    0.550000    0.300000    0.650000    0.550000    0.350000    0.550000    0.550000    0.500000    0.250000    0.650000    0.000000    
