e0  0.000000    0.277778    0.444444    0.444444    0.388889    0.444444    0.388889    0.388889    0.333333    0.444444    0.166667    0.333333    0.500000    0.555556    0.555556    0.388889    0.388889    0.444444    
e1  0.277778    0.000000    0.333333    0.333333    0.388889    0.333333    0.277778    0.388889    0.333333    0.333333    0.277778    0.333333    0.388889    0.444444    0.444444    0.388889    0.388889    0.333333    
e2  0.444444    0.333333    0.000000    0.388889    0.555556    0.388889    0.222222    0.555556    0.500000    0.166667    0.444444    0.500000    0.444444    0.500000    0.500000    0.555556    0.555556    0.388889    
e3  0.444444    0.333333    0.388889    0.000000    0.555556    0.166667    0.333333    0.555556    0.500000    0.388889    0.444444    0.500000    0.333333    0.388889    0.388889    0.555556    0.555556    0.277778    
e4  0.388889    0.388889    0.555556    0.555556    0.000000    0.555556    0.500000    0.388889    0.333333    0.555556    0.388889    0.222222    0.611111    0.666667    0.666667    0.388889    0.166667    0.555556    
e5  0.444444    0.333333    0.388889    0.166667    0.555556    0.000000    0.333333    0.555556    0.500000    0.388889    0.444444    0.500000    0.333333    0.388889    0.388889    0.555556    0.555556    0.277778    
e6  0.388889    0.277778    0.222222    0.333333    0.500000    0.333333    0.000000    0.500000    0.444444    0.222222    0.388889    0.444444    0.388889    0.444444    0.444444    0.500000    0.500000    0.333333    
e7  0.388889    0.388889    0.555556    0.555556    0.388889    0.555556    0.500000    0.000000    0.222222    0.555556    0.388889    0.333333    0.611111    0.666667    0.666667    0.166667    0.388889    0.555556    
e8  0.333333    0.333333    0.500000    0.500000    0.333333    0.500000    0.444444    0.222222    0.000000    0.500000    0.333333    0.277778    0.555556    0.611111    0.611111    0.222222    0.333333    0.500000    
e9  0.444444    0.333333    0.166667    0.388889    0.555556    0.388889    0.222222    0.555556    0.500000    0.000000    0.444444    0.500000    0.444444    0.500000    0.500000    0.555556    0.555556    0.388889    
e10  0.166667    0.277778    0.444444    0.444444    0.388889    0.444444    0.388889    0.388889    0.333333    0.444444    0.000000    0.333333    0.500000    0.555556    0.555556    0.388889    0.388889    0.444444    
e11  0.333333    0.333333    0.500000    0.500000    0.222222    0.500000    0.444444    0.333333    0.277778    0.500000    0.333333    0.000000    0.555556    0.611111    0.611111    0.333333    0.222222    0.500000    
e12  0.500000    0.388889    0.444444    0.333333    0.611111    0.333333    0.388889    0.611111    0.555556    0.444444    0.500000    0.555556    0.000000    0.222222    0.222222    0.611111    0.611111    0.222222    
e13  0.555556    0.444444    0.500000    0.388889    0.666667    0.388889    0.444444    0.666667    0.611111    0.500000    0.555556    0.611111    0.222222    0.000000    0.166667    0.666667    0.666667    0.277778    
e14  0.555556    0.444444    0.500000    0.388889    0.666667    0.388889    0.444444    0.666667    0.611111    0.500000    0.555556    0.611111    0.222222    0.166667    0.000000    0.666667    0.666667    0.277778    
e15  0.388889    0.388889    0.555556    0.555556    0.388889    0.555556    0.500000    0.166667    0.222222    0.555556    0.388889    0.333333    0.611111    0.666667    0.666667    0.000000    0.388889    0.555556    
e16  0.388889    0.388889    0.555556    0.555556    0.166667    0.555556    0.500000    0.388889    0.333333    0.555556    0.388889    0.222222    0.611111    0.666667    0.666667    0.388889    0.000000    0.555556    
e17  0.444444    0.333333    0.388889    0.277778    0.555556    0.277778    0.333333    0.555556    0.500000    0.388889    0.444444    0.500000    0.222222    0.277778    0.277778    0.555556    0.555556    0.000000    
