e0  0.000000    0.200000    0.350000    0.200000    0.300000    0.475000    0.375000    0.200000    0.225000    0.075000    0.500000    0.350000    0.425000    0.275000    0.200000    0.350000    0.250000    0.475000    0.425000    0.275000    0.250000    0.175000    0.225000    0.150000    0.125000    0.475000    0.500000    0.200000    0.325000    0.250000    0.475000    0.300000    0.250000    0.450000    0.175000    0.475000    0.150000    0.225000    0.150000    0.325000    
e1  0.200000    0.000000    0.275000    0.275000    0.375000    0.400000    0.300000    0.175000    0.300000    0.200000    0.425000    0.275000    0.350000    0.350000    0.075000    0.275000    0.175000    0.400000    0.350000    0.200000    0.325000    0.150000    0.150000    0.175000    0.200000    0.400000    0.425000    0.175000    0.400000    0.175000    0.400000    0.225000    0.175000    0.375000    0.250000    0.400000    0.225000    0.150000    0.175000    0.400000    
e2  0.350000    0.275000    0.000000    0.425000    0.525000    0.200000    0.100000    0.325000    0.450000    0.350000    0.225000    0.125000    0.150000    0.500000    0.275000    0.125000    0.275000    0.200000    0.150000    0.150000    0.475000    0.300000    0.250000    0.325000    0.350000    0.200000    0.225000    0.325000    0.550000    0.275000    0.200000    0.125000    0.175000    0.175000    0.400000    0.200000    0.375000    0.200000    0.325000    0.550000    
e3  0.200000    0.275000    0.425000    0.000000    0.175000    0.550000    0.450000    0.275000    0.100000    0.200000    0.575000    0.425000    0.500000    0.150000    0.275000    0.425000    0.325000    0.550000    0.500000    0.350000    0.125000    0.250000    0.300000    0.225000    0.150000    0.550000    0.575000    0.275000    0.200000    0.325000    0.550000    0.375000    0.325000    0.525000    0.100000    0.550000    0.125000    0.300000    0.225000    0.200000    
e4  0.300000    0.375000    0.525000    0.175000    0.000000    0.650000    0.550000    0.375000    0.150000    0.300000    0.675000    0.525000    0.600000    0.100000    0.375000    0.525000    0.425000    0.650000    0.600000    0.450000    0.125000    0.350000    0.400000    0.325000    0.250000    0.650000    0.675000    0.375000    0.100000    0.425000    0.650000    0.475000    0.425000    0.625000    0.200000    0.650000    0.225000    0.400000    0.325000    0.100000    
e5  0.475000    0.400000    0.200000    0.550000    0.650000    0.000000    0.175000    0.450000    0.575000    0.475000    0.200000    0.250000    0.175000    0.625000    0.400000    0.250000    0.400000    0.175000    0.175000    0.275000    0.600000    0.425000    0.375000    0.450000    0.475000    0.175000    0.200000    0.450000    0.675000    0.400000    0.175000    0.250000    0.300000    0.100000    0.525000    0.075000    0.500000    0.325000    0.450000    0.675000    
e6  0.375000    0.300000    0.100000    0.450000    0.550000    0.175000    0.000000    0.350000    0.475000    0.375000    0.200000    0.150000    0.125000    0.525000    0.300000    0.150000    0.300000    0.175000    0.125000    0.175000    0.500000    0.325000    0.275000    0.350000    0.375000    0.175000    0.200000    0.350000    0.575000    0.300000    0.175000    0.150000    0.200000    0.150000    0.425000    0.175000    0.400000    0.225000    0.350000    0.575000    
e7  0.200000    0.175000    0.325000    0.275000    0.375000    0.450000    0.350000    0.000000    0.300000    0.200000    0.475000    0.325000    0.400000    0.350000    0.175000    0.325000    0.225000    0.450000    0.400000    0.250000    0.325000    0.100000    0.200000    0.175000    0.200000    0.450000    0.475000    0.075000    0.400000    0.225000    0.450000    0.275000    0.225000    0.425000    0.250000    0.450000    0.225000    0.200000    0.175000    0.400000    
e8  0.225000    0.300000    0.450000    0.100000    0.150000    0.575000    0.475000    0.300000    0.000000    0.225000    0.600000    0.450000    0.525000    0.125000    0.300000    0.450000    0.350000    0.575000    0.525000    0.375000    0.100000    0.275000    0.325000    0.250000    0.175000    0.575000    0.600000    0.300000    0.175000    0.350000    0.575000    0.400000    0.350000    0.550000    0.125000    0.575000    0.150000    0.325000    0.250000    0.175000    
e9  0.075000    0.200000    0.350000    0.200000    0.300000    0.475000    0.375000    0.200000    0.225000    0.000000    0.500000    0.350000    0.425000    0.275000    0.200000    0.350000    0.250000    0.475000    0.425000    0.275000    0.250000    0.175000    0.225000    0.150000    0.125000    0.475000    0.500000    0.200000    0.325000    0.250000    0.475000    0.300000    0.250000    0.450000    0.175000    0.475000    0.150000    0.225000    0.150000    0.325000    
e10  0.500000    0.425000    0.225000    0.575000    0.675000    0.200000    0.200000    0.475000    0.600000    0.500000    0.000000    0.275000    0.200000    0.650000    0.425000    0.275000    0.425000    0.150000    0.200000    0.300000    0.625000    0.450000    0.400000    0.475000    0.500000    0.100000    0.075000    0.475000    0.700000    0.425000    0.150000    0.275000    0.325000    0.175000    0.550000    0.200000    0.525000    0.350000    0.475000    0.700000    
e11  0.350000    0.275000    0.125000    0.425000    0.525000    0.250000    0.150000    0.325000    0.450000    0.350000    0.275000    0.000000    0.200000    0.500000    0.275000    0.075000    0.275000    0.250000    0.200000    0.150000    0.475000    0.300000    0.250000    0.325000    0.350000    0.250000    0.275000    0.325000    0.550000    0.275000    0.250000    0.125000    0.175000    0.225000    0.400000    0.250000    0.375000    0.200000    0.325000    0.550000    
e12  0.425000    0.350000    0.150000    0.500000    0.600000    0.175000    0.125000    0.400000    0.525000    0.425000    0.200000    0.200000    0.000000    0.575000    0.350000    0.200000    0.350000    0.175000    0.075000    0.225000    0.550000    0.375000    0.325000    0.400000    0.425000    0.175000    0.200000    0.400000    0.625000    0.350000    0.175000    0.200000    0.250000    0.150000    0.475000    0.175000    0.450000    0.275000    0.400000    0.625000    
e13  0.275000    0.350000    0.500000    0.150000    0.100000    0.625000    0.525000    0.350000    0.125000    0.275000    0.650000    0.500000    0.575000    0.000000    0.350000    0.500000    0.400000    0.625000    0.575000    0.425000    0.100000    0.325000    0.375000    0.300000    0.225000    0.625000    0.650000    0.350000    0.125000    0.400000    0.625000    0.450000    0.400000    0.600000    0.175000    0.625000    0.200000    0.375000    0.300000    0.125000    
e14  0.200000    0.075000    0.275000    0.275000    0.375000    0.400000    0.300000    0.175000    0.300000    0.200000    0.425000    0.275000    0.350000    0.350000    0.000000    0.275000    0.175000    0.400000    0.350000    0.200000    0.325000    0.150000    0.150000    0.175000    0.200000    0.400000    0.425000    0.175000    0.400000    0.175000    0.400000    0.225000    0.175000    0.375000    0.250000    0.400000    0.225000    0.150000    0.175000    0.400000    
e15  0.350000    0.275000    0.125000    0.425000    0.525000    0.250000    0.150000    0.325000    0.450000    0.350000    0.275000    0.075000    0.200000    0.500000    0.275000    0.000000    0.275000    0.250000    0.200000    0.150000    0.475000    0.300000    0.250000    0.325000    0.350000    0.250000    0.275000    0.325000    0.550000    0.275000    0.250000    0.125000    0.175000    0.225000    0.400000    0.250000    0.375000    0.200000    0.325000    0.550000    
e16  0.250000    0.175000    0.275000    0.325000    0.425000    0.400000    0.300000    0.225000    0.350000    0.250000    0.425000    0.275000    0.350000    0.400000    0.175000    0.275000    0.000000    0.400000    0.350000    0.200000    0.375000    0.200000    0.100000    0.225000    0.250000    0.400000    0.425000    0.225000    0.450000    0.075000    0.400000    0.225000    0.175000    0.375000    0.300000    0.400000    0.275000    0.150000    0.225000    0.450000    
e17  0.475000    0.400000    0.200000    0.550000    0.650000    0.175000    0.175000    0.450000    0.575000    0.475000    0.150000    0.250000    0.175000    0.625000    0.400000    0.250000    0.400000    0.000000    0.175000    0.275000    0.600000    0.425000    0.375000    0.450000    0.475000    0.125000    0.150000    0.450000    0.675000    0.400000    0.075000    0.250000    0.300000    0.150000    0.525000    0.175000    0.500000    0.325000    0.450000    0.675000    
e18  0.425000    0.350000    0.150000    0.500000    0.600000    0.175000    0.125000    0.400000    0.525000    0.425000    0.200000    0.200000    0.075000    0.575000    0.350000    0.200000    0.350000    0.175000    0.000000    0.225000    0.550000    0.375000    0.325000    0.400000    0.425000    0.175000    0.200000    0.400000    0.625000    0.350000    0.175000    0.200000    0.250000    0.150000    0.475000    0.175000    0.450000    0.275000    0.400000    0.625000    
e19  0.275000    0.200000    0.150000    0.350000    0.450000    0.275000    0.175000    0.250000    0.375000    0.275000    0.300000    0.150000    0.225000    0.425000    0.200000    0.150000    0.200000    0.275000    0.225000    0.000000    0.400000    0.225000    0.175000    0.250000    0.275000    0.275000    0.300000    0.250000    0.475000    0.200000    0.275000    0.100000    0.100000    0.250000    0.325000    0.275000    0.300000    0.125000    0.250000    0.475000    
e20  0.250000    0.325000    0.475000    0.125000    0.125000    0.600000    0.500000    0.325000    0.100000    0.250000    0.625000    0.475000    0.550000    0.100000    0.325000    0.475000    0.375000    0.600000    0.550000    0.400000    0.000000    0.300000    0.350000    0.275000    0.200000    0.600000    0.625000    0.325000    0.150000    0.375000    0.600000    0.425000    0.375000    0.575000    0.150000    0.600000    0.175000    0.350000    0.275000    0.150000    
e21  0.175000    0.150000    0.300000    0.250000    0.350000    0.425000    0.325000    0.100000    0.275000    0.175000    0.450000    0.300000    0.375000    0.325000    0.150000    0.300000    0.200000    0.425000    0.375000    0.225000    0.300000    0.000000    0.175000    0.150000    0.175000    0.425000    0.450000    0.100000    0.375000    0.200000    0.425000    0.250000    0.200000    0.400000    0.225000    0.425000    0.200000    0.175000    0.150000    0.375000    
e22  0.225000    0.150000    0.250000    0.300000    0.400000    0.375000    0.275000    0.200000    0.325000    0.225000    0.400000    0.250000    0.325000    0.375000    0.150000    0.250000    0.100000    0.375000    0.325000    0.175000    0.350000    0.175000    0.000000    0.200000    0.225000    0.375000    0.400000    0.200000    0.425000    0.100000    0.375000    0.200000    0.150000    0.350000    0.275000    0.375000    0.250000    0.125000    0.200000    0.425000    
e23  0.150000    0.175000    0.325000    0.225000    0.325000    0.450000    0.350000    0.175000    0.250000    0.150000    0.475000    0.325000    0.400000    0.300000    0.175000    0.325000    0.225000    0.450000    0.400000    0.250000    0.275000    0.150000    0.200000    0.000000    0.150000    0.450000    0.475000    0.175000    0.350000    0.225000    0.450000    0.275000    0.225000    0.425000    0.200000    0.450000    0.175000    0.200000    0.075000    0.350000    
e24  0.125000    0.200000    0.350000    0.150000    0.250000    0.475000    0.375000    0.200000    0.175000    0.125000    0.500000    0.350000    0.425000    0.225000    0.200000    0.350000    0.250000    0.475000    0.425000    0.275000    0.200000    0.175000    0.225000    0.150000    0.000000    0.475000    0.500000    0.200000    0.275000    0.250000    0.475000    0.300000    0.250000    0.450000    0.125000    0.475000    0.100000    0.225000    0.150000    0.275000    
e25  0.475000    0.400000    0.200000    0.550000    0.650000    0.175000    0.175000    0.450000    0.575000    0.475000    0.100000    0.250000    0.175000    0.625000    0.400000    0.250000    0.400000    0.125000    0.175000    0.275000    0.600000    0.425000    0.375000    0.450000    0.475000    0.000000    0.100000    0.450000    0.675000    0.400000    0.125000    0.250000    0.300000    0.150000    0.525000    0.175000    0.500000    0.325000    0.450000    0.675000    
e26  0.500000    0.425000    0.225000    0.575000    0.675000    0.200000    0.200000    0.475000    0.600000    0.500000    0.075000    0.275000    0.200000    0.650000    0.425000    0.275000    0.425000    0.150000    0.200000    0.300000    0.625000    0.450000    0.400000    0.475000    0.500000    0.100000    0.000000    0.475000    0.700000    0.425000    0.150000    0.275000    0.325000    0.175000    0.550000    0.200000    0.525000    0.350000    0.475000    0.700000    
e27  0.200000    0.175000    0.325000    0.275000    0.375000    0.450000    0.350000    0.075000    0.300000    0.200000    0.475000    0.325000    0.400000    0.350000    0.175000    0.325000    0.225000    0.450000    0.400000    0.250000    0.325000    0.100000    0.200000    0.175000    0.200000    0.450000    0.475000    0.000000    0.400000    0.225000    0.450000    0.275000    0.225000    0.425000    0.250000    0.450000    0.225000    0.200000    0.175000    0.400000    
e28  0.325000    0.400000    0.550000    0.200000    0.100000    0.675000    0.575000    0.400000    0.175000    0.325000    0.700000    0.550000    0.625000    0.125000    0.400000    0.550000    0.450000    0.675000    0.625000    0.475000    0.150000    0.375000    0.425000    0.350000    0.275000    0.675000    0.700000    0.400000    0.000000    0.450000    0.675000    0.500000    0.450000    0.650000    0.225000    0.675000    0.250000    0.425000    0.350000    0.075000    
e29  0.250000    0.175000    0.275000    0.325000    0.425000    0.400000    0.300000    0.225000    0.350000    0.250000    0.425000    0.275000    0.350000    0.400000    0.175000    0.275000    0.075000    0.400000    0.350000    0.200000    0.375000    0.200000    0.100000    0.225000    0.250000    0.400000    0.425000    0.225000    0.450000    0.000000    0.400000    0.225000    0.175000    0.375000    0.300000    0.400000    0.275000    0.150000    0.225000    0.450000    
e30  0.475000    0.400000    0.200000    0.550000    0.650000    0.175000    0.175000    0.450000    0.575000    0.475000    0.150000    0.250000    0.175000    0.625000    0.400000    0.250000    0.400000    0.075000    0.175000    0.275000    0.600000    0.425000    0.375000    0.450000    0.475000    0.125000    0.150000    0.450000    0.675000    0.400000    0.000000    0.250000    0.300000    0.150000    0.525000    0.175000    0.500000    0.325000    0.450000    0.675000    
e31  0.300000    0.225000    0.125000    0.375000    0.475000    0.250000    0.150000    0.275000    0.400000    0.300000    0.275000    0.125000    0.200000    0.450000    0.225000    0.125000    0.225000    0.250000    0.200000    0.100000    0.425000    0.250000    0.200000    0.275000    0.300000    0.250000    0.275000    0.275000    0.500000    0.225000    0.250000    0.000000    0.125000    0.225000    0.350000    0.250000    0.325000    0.150000    0.275000    0.500000    
e32  0.250000    0.175000    0.175000    0.325000    0.425000    0.300000    0.200000    0.225000    0.350000    0.250000    0.325000    0.175000    0.250000    0.400000    0.175000    0.175000    0.175000    0.300000    0.250000    0.100000    0.375000    0.200000    0.150000    0.225000    0.250000    0.300000    0.325000    0.225000    0.450000    0.175000    0.300000    0.125000    0.000000    0.275000    0.300000    0.300000    0.275000    0.100000    0.225000    0.450000    
e33  0.450000    0.375000    0.175000    0.525000    0.625000    0.100000    0.150000    0.425000    0.550000    0.450000    0.175000    0.225000    0.150000    0.600000    0.375000    0.225000    0.375000    0.150000    0.150000    0.250000    0.575000    0.400000    0.350000    0.425000    0.450000    0.150000    0.175000    0.425000    0.650000    0.375000    0.150000    0.225000    0.275000    0.000000    0.500000    0.100000    0.475000    0.300000    0.425000    0.650000    
e34  0.175000    0.250000    0.400000    0.100000    0.200000    0.525000    0.425000    0.250000    0.125000    0.175000    0.550000    0.400000    0.475000    0.175000    0.250000    0.400000    0.300000    0.525000    0.475000    0.325000    0.150000    0.225000    0.275000    0.200000    0.125000    0.525000    0.550000    0.250000    0.225000    0.300000    0.525000    0.350000    0.300000    0.500000    0.000000    0.525000    0.100000    0.275000    0.200000    0.225000    
e35  0.475000    0.400000    0.200000    0.550000    0.650000    0.075000    0.175000    0.450000    0.575000    0.475000    0.200000    0.250000    0.175000    0.625000    0.400000    0.250000    0.400000    0.175000    0.175000    0.275000    0.600000    0.425000    0.375000    0.450000    0.475000    0.175000    0.200000    0.450000    0.675000    0.400000    0.175000    0.250000    0.300000    0.100000    0.525000    0.000000    0.500000    0.325000    0.450000    0.675000    
e36  0.150000    0.225000    0.375000    0.125000    0.225000    0.500000    0.400000    0.225000    0.150000    0.150000    0.525000    0.375000    0.450000    0.200000    0.225000    0.375000    0.275000    0.500000    0.450000    0.300000    0.175000    0.200000    0.250000    0.175000    0.100000    0.500000    0.525000    0.225000    0.250000    0.275000    0.500000    0.325000    0.275000    0.475000    0.100000    0.500000    0.000000    0.250000    0.175000    0.250000    
e37  0.225000    0.150000    0.200000    0.300000    0.400000    0.325000    0.225000    0.200000    0.325000    0.225000    0.350000    0.200000    0.275000    0.375000    0.150000    0.200000    0.150000    0.325000    0.275000    0.125000    0.350000    0.175000    0.125000    0.200000    0.225000    0.325000    0.350000    0.200000    0.425000    0.150000    0.325000    0.150000    0.100000    0.300000    0.275000    0.325000    0.250000    0.000000    0.200000    0.425000    
e38  0.150000    0.175000    0.325000    0.225000    0.325000    0.450000    0.350000    0.175000    0.250000    0.150000    0.475000    0.325000    0.400000    0.300000    0.175000    0.325000    0.225000    0.450000    0.400000    0.250000    0.275000    0.150000    0.200000    0.075000    0.150000    0.450000    0.475000    0.175000    0.350000    0.225000    0.450000    0.275000    0.225000    0.425000    0.200000    0.450000    0.175000    0.200000    0.000000    0.350000    
e39  0.325000    0.400000    0.550000    0.200000    0.100000    0.675000    0.575000    0.400000    0.175000    0.325000    0.700000    0.550000    0.625000    0.125000    0.400000    0.550000    0.450000    0.675000    0.625000    0.475000    0.150000    0.375000    0.425000    0.350000    0.275000    0.675000    0.700000    0.400000    0.075000    0.450000    0.675000    0.500000    0.450000    0.650000    0.225000    0.675000    0.250000    0.425000    0.350000    0.000000    
