0                    0.904566             0.976204             0.972357             0.94355              0.938786             0.994396             0.952046             1.39008              0.525373             
0.904566             0                    0.971265             0.968128             0.924813             0.919241             0.993664             0.933684             2.52008              2.41415              
0.976204             0.971265             0                    0.934156             0.975997             0.97594              0.996608             0.9787               1.33751              1.28154              
0.972357             0.968128             0.934156             0                    0.973137             0.973254             0.996529             0.976628             0.738308             0.680323             
0.94355              0.924813             0.975997             0.973137             0                    0.912368             0.991518             0.906122             1.8033               1.65705              
0.938786             0.919241             0.97594              0.973254             0.912368             0                    0.991172             0.919127             1.01008              0.871865             
0.994396             0.993664             0.996608             0.996529             0.991518             0.991172             0                    0.985627             3.38521              3.38611              
0.952046             0.933684             0.9787               0.976628             0.906122             0.919127             0.985627             0                    2.45642              2.24447              
0.94988              0.933635             0.979107             0.97713              0.906844             0.919996             0.985511             0.887897             2.36646              2.12696              
0.962692             0.947412             0.971142             0.968986             0.936338             0.934919             0.974581             0.922305             0.923887             0                    
