0.000000    0.277778    0.444444    0.444444    0.388889    0.444444    0.388889    0.388889    0.333333    0.444444    0.166667    0.333333    0.500000    0.555556    0.555556    0.388889    0.388889    0.444444    
0.277778    0.000000    0.333333    0.333333    0.388889    0.333333    0.277778    0.388889    0.333333    0.333333    0.277778    0.333333    0.388889    0.444444    0.444444    0.388889    0.388889    0.333333    
0.444444    0.333333    0.000000    0.388889    0.555556    0.388889    0.222222    0.555556    0.500000    0.166667    0.444444    0.500000    0.444444    0.500000    0.500000    0.555556    0.555556    0.388889    
0.444444    0.333333    0.388889    0.000000    0.555556    0.166667    0.333333    0.555556    0.500000    0.388889    0.444444    0.500000    0.333333    0.388889    0.388889    0.555556    0.555556    0.277778    
0.388889    0.388889    0.555556    0.555556    0.000000    0.555556    0.500000    0.388889    0.333333    0.555556    0.388889    0.222222    0.611111    0.666667    0.666667    0.388889    0.166667    0.555556    
0.444444    0.333333    0.388889    0.166667    0.555556    0.000000    0.333333    0.555556    0.500000    0.388889    0.444444    0.500000    0.333333    0.388889    0.388889    0.555556    0.555556    0.277778    
0.388889    0.277778    0.222222    0.333333    0.500000    0.333333    0.000000    0.500000    0.444444    0.222222    0.388889    0.444444    0.388889    0.444444    0.444444    0.500000    0.500000    0.333333    
0.388889    0.388889    0.555556    0.555556    0.388889    0.555556    0.500000    0.000000    0.222222    0.555556    0.388889    0.333333    0.611111    0.666667    0.666667    0.166667    0.388889    0.555556    
0.333333    0.333333    0.500000    0.500000    0.333333    0.500000    0.444444    0.222222    0.000000    0.500000    0.333333    0.277778    0.555556    0.611111    0.611111    0.222222    0.333333    0.500000    
0.444444    0.333333    0.166667    0.388889    0.555556    0.388889    0.222222    0.555556    0.500000    0.000000    0.444444    0.500000    0.444444    0.500000    0.500000    0.555556    0.555556    0.388889    
0.166667    0.277778    0.444444    0.444444    0.388889    0.444444    0.388889    0.388889    0.333333    0.444444    0.000000    0.333333    0.500000    0.555556    0.555556    0.388889    0.388889    0.444444    
0.333333    0.333333    0.500000    0.500000    0.222222    0.500000    0.444444    0.333333    0.277778    0.500000    0.333333    0.000000    0.555556    0.611111    0.611111    0.333333    0.222222    0.500000    
0.500000    0.388889    0.444444    0.333333    0.611111    0.333333    0.388889    0.611111    0.555556    0.444444    0.500000    0.555556    0.000000    0.222222    0.222222    0.611111    0.611111    0.222222    
0.555556    0.444444    0.500000    0.388889    0.666667    0.388889    0.444444    0.666667    0.611111    0.500000    0.555556    0.611111    0.222222    0.000000    0.166667    0.666667    0.666667    0.277778    
0.555556    0.444444    0.500000    0.388889    0.666667    0.388889    0.444444    0.666667    0.611111    0.500000    0.555556    0.611111    0.222222    0.166667    0.000000    0.666667    0.666667    0.277778    
0.388889    0.388889    0.555556    0.555556    0.388889    0.555556    0.500000    0.166667    0.222222    0.555556    0.388889    0.333333    0.611111    0.666667    0.666667    0.000000    0.388889    0.555556    
0.388889    0.388889    0.555556    0.555556    0.166667    0.555556    0.500000    0.388889    0.333333    0.555556    0.388889    0.222222    0.611111    0.666667    0.666667    0.388889    0.000000    0.555556    
0.444444    0.333333    0.388889    0.277778    0.555556    0.277778    0.333333    0.555556    0.500000    0.388889    0.444444    0.500000    0.222222    0.277778    0.277778    0.555556    0.555556    0.000000    
