e0  0.000000    0.900000    0.500000    0.800000    0.300000    0.600000    0.800000    0.900000    0.800000    0.400000    
e1  0.900000    0.000000    0.700000    0.600000    0.900000    0.600000    0.400000    0.300000    0.600000    0.800000    
e2  0.500000    0.700000    0.000000    0.600000    0.500000    0.400000    0.600000    0.700000    0.600000    0.400000    
e3  0.800000    0.600000    0.600000    0.000000    0.800000    0.500000    0.500000    0.600000    0.300000    0.700000    
e4  0.300000    0.900000    0.500000    0.800000    0.000000    0.600000    0.800000    0.900000    0.800000    0.400000    
e5  0.600000    0.600000    0.400000    0.500000    0.600000    0.000000    0.500000    0.600000    0.500000    0.500000    
e6  0.800000    0.400000    0.600000    0.500000    0.800000    0.500000    0.000000    0.400000    0.500000    0.700000    
e7  0.900000    0.300000    0.700000    0.600000    0.900000    0.600000    0.400000    0.000000    0.600000    0.800000    
e8  0.800000    0.600000    0.600000    0.300000    0.800000    0.500000    0.500000    0.600000    0.000000    0.700000    
e9  0.400000    0.800000    0.400000    0.700000    0.400000    0.500000    0.700000    0.800000    0.700000    0.000000    
