e0  0.000000    0.433333    0.400000    0.166667    0.533333    0.166667    0.266667    0.300000    0.233333    0.166667    0.266667    0.200000    0.233333    0.266667    0.266667    0.533333    0.300000    0.166667    0.400000    0.400000    0.266667    0.500000    0.266667    0.233333    0.166667    0.466667    0.300000    0.233333    0.200000    0.333333    
e1  0.433333    0.000000    0.133333    0.433333    0.200000    0.433333    0.400000    0.233333    0.433333    0.500000    0.266667    0.533333    0.433333    0.466667    0.333333    0.200000    0.500000    0.500000    0.200000    0.200000    0.400000    0.166667    0.333333    0.366667    0.500000    0.133333    0.500000    0.433333    0.533333    0.200000    
e2  0.400000    0.133333    0.000000    0.400000    0.233333    0.400000    0.366667    0.200000    0.400000    0.466667    0.233333    0.500000    0.400000    0.433333    0.300000    0.233333    0.466667    0.466667    0.166667    0.166667    0.366667    0.200000    0.300000    0.333333    0.466667    0.166667    0.466667    0.400000    0.500000    0.166667    
e3  0.166667    0.433333    0.400000    0.000000    0.533333    0.100000    0.266667    0.300000    0.233333    0.233333    0.266667    0.266667    0.233333    0.266667    0.266667    0.533333    0.300000    0.233333    0.400000    0.400000    0.266667    0.500000    0.266667    0.233333    0.233333    0.466667    0.300000    0.233333    0.266667    0.333333    
e4  0.533333    0.200000    0.233333    0.533333    0.000000    0.533333    0.500000    0.333333    0.533333    0.600000    0.366667    0.633333    0.533333    0.566667    0.433333    0.100000    0.600000    0.600000    0.300000    0.300000    0.500000    0.133333    0.433333    0.466667    0.600000    0.166667    0.600000    0.533333    0.633333    0.300000    
e5  0.166667    0.433333    0.400000    0.100000    0.533333    0.000000    0.266667    0.300000    0.233333    0.233333    0.266667    0.266667    0.233333    0.266667    0.266667    0.533333    0.300000    0.233333    0.400000    0.400000    0.266667    0.500000    0.266667    0.233333    0.233333    0.466667    0.300000    0.233333    0.266667    0.333333    
e6  0.266667    0.400000    0.366667    0.266667    0.500000    0.266667    0.000000    0.266667    0.266667    0.333333    0.233333    0.366667    0.266667    0.300000    0.233333    0.500000    0.333333    0.333333    0.366667    0.366667    0.100000    0.466667    0.233333    0.133333    0.333333    0.433333    0.333333    0.266667    0.366667    0.300000    
e7  0.300000    0.233333    0.200000    0.300000    0.333333    0.300000    0.266667    0.000000    0.300000    0.366667    0.133333    0.400000    0.300000    0.333333    0.200000    0.333333    0.366667    0.366667    0.200000    0.200000    0.266667    0.300000    0.200000    0.233333    0.366667    0.266667    0.366667    0.300000    0.400000    0.133333    
e8  0.233333    0.433333    0.400000    0.233333    0.533333    0.233333    0.266667    0.300000    0.000000    0.300000    0.266667    0.333333    0.100000    0.200000    0.266667    0.533333    0.233333    0.300000    0.400000    0.400000    0.266667    0.500000    0.266667    0.233333    0.300000    0.466667    0.233333    0.166667    0.333333    0.333333    
e9  0.166667    0.500000    0.466667    0.233333    0.600000    0.233333    0.333333    0.366667    0.300000    0.000000    0.333333    0.200000    0.300000    0.333333    0.333333    0.600000    0.366667    0.166667    0.466667    0.466667    0.333333    0.566667    0.333333    0.300000    0.100000    0.533333    0.366667    0.300000    0.200000    0.400000    
e10  0.266667    0.266667    0.233333    0.266667    0.366667    0.266667    0.233333    0.133333    0.266667    0.333333    0.000000    0.366667    0.266667    0.300000    0.166667    0.366667    0.333333    0.333333    0.233333    0.233333    0.233333    0.333333    0.166667    0.200000    0.333333    0.300000    0.333333    0.266667    0.366667    0.166667    
e11  0.200000    0.533333    0.500000    0.266667    0.633333    0.266667    0.366667    0.400000    0.333333    0.200000    0.366667    0.000000    0.333333    0.366667    0.366667    0.633333    0.400000    0.133333    0.500000    0.500000    0.366667    0.600000    0.366667    0.333333    0.200000    0.566667    0.400000    0.333333    0.100000    0.433333    
e12  0.233333    0.433333    0.400000    0.233333    0.533333    0.233333    0.266667    0.300000    0.100000    0.300000    0.266667    0.333333    0.000000    0.200000    0.266667    0.533333    0.233333    0.300000    0.400000    0.400000    0.266667    0.500000    0.266667    0.233333    0.300000    0.466667    0.233333    0.166667    0.333333    0.333333    
e13  0.266667    0.466667    0.433333    0.266667    0.566667    0.266667    0.300000    0.333333    0.200000    0.333333    0.300000    0.366667    0.200000    0.000000    0.300000    0.566667    0.133333    0.333333    0.433333    0.433333    0.300000    0.533333    0.300000    0.266667    0.333333    0.500000    0.133333    0.133333    0.366667    0.366667    
e14  0.266667    0.333333    0.300000    0.266667    0.433333    0.266667    0.233333    0.200000    0.266667    0.333333    0.166667    0.366667    0.266667    0.300000    0.000000    0.433333    0.333333    0.333333    0.300000    0.300000    0.233333    0.400000    0.100000    0.200000    0.333333    0.366667    0.333333    0.266667    0.366667    0.233333    
e15  0.533333    0.200000    0.233333    0.533333    0.100000    0.533333    0.500000    0.333333    0.533333    0.600000    0.366667    0.633333    0.533333    0.566667    0.433333    0.000000    0.600000    0.600000    0.300000    0.300000    0.500000    0.133333    0.433333    0.466667    0.600000    0.166667    0.600000    0.533333    0.633333    0.300000    
e16  0.300000    0.500000    0.466667    0.300000    0.600000    0.300000    0.333333    0.366667    0.233333    0.366667    0.333333    0.400000    0.233333    0.133333    0.333333    0.600000    0.000000    0.366667    0.466667    0.466667    0.333333    0.566667    0.333333    0.300000    0.366667    0.533333    0.100000    0.166667    0.400000    0.400000    
e17  0.166667    0.500000    0.466667    0.233333    0.600000    0.233333    0.333333    0.366667    0.300000    0.166667    0.333333    0.133333    0.300000    0.333333    0.333333    0.600000    0.366667    0.000000    0.466667    0.466667    0.333333    0.566667    0.333333    0.300000    0.166667    0.533333    0.366667    0.300000    0.133333    0.400000    
e18  0.400000    0.200000    0.166667    0.400000    0.300000    0.400000    0.366667    0.200000    0.400000    0.466667    0.233333    0.500000    0.400000    0.433333    0.300000    0.300000    0.466667    0.466667    0.000000    0.100000    0.366667    0.266667    0.300000    0.333333    0.466667    0.233333    0.466667    0.400000    0.500000    0.166667    
e19  0.400000    0.200000    0.166667    0.400000    0.300000    0.400000    0.366667    0.200000    0.400000    0.466667    0.233333    0.500000    0.400000    0.433333    0.300000    0.300000    0.466667    0.466667    0.100000    0.000000    0.366667    0.266667    0.300000    0.333333    0.466667    0.233333    0.466667    0.400000    0.500000    0.166667    
e20  0.266667    0.400000    0.366667    0.266667    0.500000    0.266667    0.100000    0.266667    0.266667    0.333333    0.233333    0.366667    0.266667    0.300000    0.233333    0.500000    0.333333    0.333333    0.366667    0.366667    0.000000    0.466667    0.233333    0.133333    0.333333    0.433333    0.333333    0.266667    0.366667    0.300000    
e21  0.500000    0.166667    0.200000    0.500000    0.133333    0.500000    0.466667    0.300000    0.500000    0.566667    0.333333    0.600000    0.500000    0.533333    0.400000    0.133333    0.566667    0.566667    0.266667    0.266667    0.466667    0.000000    0.400000    0.433333    0.566667    0.133333    0.566667    0.500000    0.600000    0.266667    
e22  0.266667    0.333333    0.300000    0.266667    0.433333    0.266667    0.233333    0.200000    0.266667    0.333333    0.166667    0.366667    0.266667    0.300000    0.100000    0.433333    0.333333    0.333333    0.300000    0.300000    0.233333    0.400000    0.000000    0.200000    0.333333    0.366667    0.333333    0.266667    0.366667    0.233333    
e23  0.233333    0.366667    0.333333    0.233333    0.466667    0.233333    0.133333    0.233333    0.233333    0.300000    0.200000    0.333333    0.233333    0.266667    0.200000    0.466667    0.300000    0.300000    0.333333    0.333333    0.133333    0.433333    0.200000    0.000000    0.300000    0.400000    0.300000    0.233333    0.333333    0.266667    
e24  0.166667    0.500000    0.466667    0.233333    0.600000    0.233333    0.333333    0.366667    0.300000    0.100000    0.333333    0.200000    0.300000    0.333333    0.333333    0.600000    0.366667    0.166667    0.466667    0.466667    0.333333    0.566667    0.333333    0.300000    0.000000    0.533333    0.366667    0.300000    0.200000    0.400000    
e25  0.466667    0.133333    0.166667    0.466667    0.166667    0.466667    0.433333    0.266667    0.466667    0.533333    0.300000    0.566667    0.466667    0.500000    0.366667    0.166667    0.533333    0.533333    0.233333    0.233333    0.433333    0.133333    0.366667    0.400000    0.533333    0.000000    0.533333    0.466667    0.566667    0.233333    
e26  0.300000    0.500000    0.466667    0.300000    0.600000    0.300000    0.333333    0.366667    0.233333    0.366667    0.333333    0.400000    0.233333    0.133333    0.333333    0.600000    0.100000    0.366667    0.466667    0.466667    0.333333    0.566667    0.333333    0.300000    0.366667    0.533333    0.000000    0.166667    0.400000    0.400000    
e27  0.233333    0.433333    0.400000    0.233333    0.533333    0.233333    0.266667    0.300000    0.166667    0.300000    0.266667    0.333333    0.166667    0.133333    0.266667    0.533333    0.166667    0.300000    0.400000    0.400000    0.266667    0.500000    0.266667    0.233333    0.300000    0.466667    0.166667    0.000000    0.333333    0.333333    
e28  0.200000    0.533333    0.500000    0.266667    0.633333    0.266667    0.366667    0.400000    0.333333    0.200000    0.366667    0.100000    0.333333    0.366667    0.366667    0.633333    0.400000    0.133333    0.500000    0.500000    0.366667    0.600000    0.366667    0.333333    0.200000    0.566667    0.400000    0.333333    0.000000    0.433333    
e29  0.333333    0.200000    0.166667    0.333333    0.300000    0.333333    0.300000    0.133333    0.333333    0.400000    0.166667    0.433333    0.333333    0.366667    0.233333    0.300000    0.400000    0.400000    0.166667    0.166667    0.300000    0.266667    0.233333    0.266667    0.400000    0.233333    0.400000    0.333333    0.433333    0.000000    
